Index       FREQ           Re(V(OUT))        Im(V(OUT))         Re(V(IN))         Im(V(IN))    
0        1.00000000e+00   -9.51128963e+00    0.00000000e+00    1.00000000e+00    0.00000000e+00
1        1.12201845e+00   -9.51128963e+00    0.00000000e+00    1.00000000e+00    0.00000000e+00
2        1.25892541e+00   -9.51128963e+00    0.00000000e+00    1.00000000e+00    0.00000000e+00
3        1.41253754e+00   -9.51128963e+00    0.00000000e+00    1.00000000e+00    0.00000000e+00
4        1.58489319e+00   -9.51128963e+00    0.00000000e+00    1.00000000e+00    0.00000000e+00
5        1.77827941e+00   -9.51128963e+00    0.00000000e+00    1.00000000e+00    0.00000000e+00
6        1.99526231e+00   -9.51128963e+00    0.00000000e+00    1.00000000e+00    0.00000000e+00
7        2.23872114e+00   -9.51128963e+00    0.00000000e+00    1.00000000e+00    0.00000000e+00
8        2.51188643e+00   -9.51128963e+00    0.00000000e+00    1.00000000e+00    0.00000000e+00
9        2.81838293e+00   -9.51128963e+00    0.00000000e+00    1.00000000e+00    0.00000000e+00
10       3.16227766e+00   -9.51128963e+00    0.00000000e+00    1.00000000e+00    0.00000000e+00
11       3.54813389e+00   -9.51128963e+00    0.00000000e+00    1.00000000e+00    0.00000000e+00
12       3.98107171e+00   -9.51128963e+00    0.00000000e+00    1.00000000e+00    0.00000000e+00
13       4.46683592e+00   -9.51128963e+00    0.00000000e+00    1.00000000e+00    0.00000000e+00
14       5.01187234e+00   -9.51128963e+00    0.00000000e+00    1.00000000e+00    0.00000000e+00
15       5.62341325e+00   -9.51128963e+00    0.00000000e+00    1.00000000e+00    0.00000000e+00
16       6.30957344e+00   -9.51128963e+00    0.00000000e+00    1.00000000e+00    0.00000000e+00
17       7.07945784e+00   -9.51128963e+00    0.00000000e+00    1.00000000e+00    0.00000000e+00
18       7.94328235e+00   -9.51128963e+00    0.00000000e+00    1.00000000e+00    0.00000000e+00
19       8.91250938e+00   -9.51128963e+00    0.00000000e+00    1.00000000e+00    0.00000000e+00
20       1.00000000e+01   -9.51128963e+00    0.00000000e+00    1.00000000e+00    0.00000000e+00
21       1.12201845e+01   -9.51128963e+00    0.00000000e+00    1.00000000e+00    0.00000000e+00
22       1.25892541e+01   -9.51128963e+00    0.00000000e+00    1.00000000e+00    0.00000000e+00
23       1.41253754e+01   -9.51128963e+00    0.00000000e+00    1.00000000e+00    0.00000000e+00
24       1.58489319e+01   -9.51128963e+00    0.00000000e+00    1.00000000e+00    0.00000000e+00
25       1.77827941e+01   -9.51128963e+00    0.00000000e+00    1.00000000e+00    0.00000000e+00
26       1.99526231e+01   -9.51128963e+00    0.00000000e+00    1.00000000e+00    0.00000000e+00
27       2.23872114e+01   -9.51128963e+00    0.00000000e+00    1.00000000e+00    0.00000000e+00
28       2.51188643e+01   -9.51128963e+00    0.00000000e+00    1.00000000e+00    0.00000000e+00
29       2.81838293e+01   -9.51128963e+00    0.00000000e+00    1.00000000e+00    0.00000000e+00
30       3.16227766e+01   -9.51128963e+00    0.00000000e+00    1.00000000e+00    0.00000000e+00
31       3.54813389e+01   -9.51128963e+00    0.00000000e+00    1.00000000e+00    0.00000000e+00
32       3.98107171e+01   -9.51128963e+00    0.00000000e+00    1.00000000e+00    0.00000000e+00
33       4.46683592e+01   -9.51128963e+00    0.00000000e+00    1.00000000e+00    0.00000000e+00
34       5.01187234e+01   -9.51128963e+00    0.00000000e+00    1.00000000e+00    0.00000000e+00
35       5.62341325e+01   -9.51128963e+00    0.00000000e+00    1.00000000e+00    0.00000000e+00
36       6.30957344e+01   -9.51128963e+00    0.00000000e+00    1.00000000e+00    0.00000000e+00
37       7.07945784e+01   -9.51128963e+00    0.00000000e+00    1.00000000e+00    0.00000000e+00
38       7.94328235e+01   -9.51128963e+00    0.00000000e+00    1.00000000e+00    0.00000000e+00
39       8.91250938e+01   -9.51128963e+00    0.00000000e+00    1.00000000e+00    0.00000000e+00
40       1.00000000e+02   -9.51128963e+00    0.00000000e+00    1.00000000e+00    0.00000000e+00
41       1.12201845e+02   -9.51128963e+00    0.00000000e+00    1.00000000e+00    0.00000000e+00
42       1.25892541e+02   -9.51128963e+00    0.00000000e+00    1.00000000e+00    0.00000000e+00
43       1.41253754e+02   -9.51128963e+00    0.00000000e+00    1.00000000e+00    0.00000000e+00
44       1.58489319e+02   -9.51128963e+00    0.00000000e+00    1.00000000e+00    0.00000000e+00
45       1.77827941e+02   -9.51128963e+00    0.00000000e+00    1.00000000e+00    0.00000000e+00
46       1.99526231e+02   -9.51128963e+00    0.00000000e+00    1.00000000e+00    0.00000000e+00
47       2.23872114e+02   -9.51128963e+00    0.00000000e+00    1.00000000e+00    0.00000000e+00
48       2.51188643e+02   -9.51128963e+00    0.00000000e+00    1.00000000e+00    0.00000000e+00
49       2.81838293e+02   -9.51128963e+00    0.00000000e+00    1.00000000e+00    0.00000000e+00
50       3.16227766e+02   -9.51128963e+00    0.00000000e+00    1.00000000e+00    0.00000000e+00
51       3.54813389e+02   -9.51128963e+00    0.00000000e+00    1.00000000e+00    0.00000000e+00
52       3.98107171e+02   -9.51128963e+00    0.00000000e+00    1.00000000e+00    0.00000000e+00
53       4.46683592e+02   -9.51128963e+00    0.00000000e+00    1.00000000e+00    0.00000000e+00
54       5.01187234e+02   -9.51128963e+00    0.00000000e+00    1.00000000e+00    0.00000000e+00
55       5.62341325e+02   -9.51128963e+00    0.00000000e+00    1.00000000e+00    0.00000000e+00
56       6.30957344e+02   -9.51128963e+00    0.00000000e+00    1.00000000e+00    0.00000000e+00
57       7.07945784e+02   -9.51128963e+00    0.00000000e+00    1.00000000e+00    0.00000000e+00
58       7.94328235e+02   -9.51128963e+00    0.00000000e+00    1.00000000e+00    0.00000000e+00
59       8.91250938e+02   -9.51128963e+00    0.00000000e+00    1.00000000e+00    0.00000000e+00
60       1.00000000e+03   -9.51128963e+00    0.00000000e+00    1.00000000e+00    0.00000000e+00
61       1.12201845e+03   -9.51128963e+00    0.00000000e+00    1.00000000e+00    0.00000000e+00
62       1.25892541e+03   -9.51128963e+00    0.00000000e+00    1.00000000e+00    0.00000000e+00
63       1.41253754e+03   -9.51128963e+00    0.00000000e+00    1.00000000e+00    0.00000000e+00
64       1.58489319e+03   -9.51128963e+00    0.00000000e+00    1.00000000e+00    0.00000000e+00
65       1.77827941e+03   -9.51128963e+00    0.00000000e+00    1.00000000e+00    0.00000000e+00
66       1.99526231e+03   -9.51128963e+00    0.00000000e+00    1.00000000e+00    0.00000000e+00
67       2.23872114e+03   -9.51128963e+00    0.00000000e+00    1.00000000e+00    0.00000000e+00
68       2.51188643e+03   -9.51128963e+00    0.00000000e+00    1.00000000e+00    0.00000000e+00
69       2.81838293e+03   -9.51128963e+00    0.00000000e+00    1.00000000e+00    0.00000000e+00
70       3.16227766e+03   -9.51128963e+00    0.00000000e+00    1.00000000e+00    0.00000000e+00
71       3.54813389e+03   -9.51128963e+00    0.00000000e+00    1.00000000e+00    0.00000000e+00
72       3.98107171e+03   -9.51128963e+00    0.00000000e+00    1.00000000e+00    0.00000000e+00
73       4.46683592e+03   -9.51128963e+00    0.00000000e+00    1.00000000e+00    0.00000000e+00
74       5.01187234e+03   -9.51128963e+00    0.00000000e+00    1.00000000e+00    0.00000000e+00
75       5.62341325e+03   -9.51128963e+00    0.00000000e+00    1.00000000e+00    0.00000000e+00
76       6.30957344e+03   -9.51128963e+00    0.00000000e+00    1.00000000e+00    0.00000000e+00
77       7.07945784e+03   -9.51128963e+00    0.00000000e+00    1.00000000e+00    0.00000000e+00
78       7.94328235e+03   -9.51128963e+00    0.00000000e+00    1.00000000e+00    0.00000000e+00
79       8.91250938e+03   -9.51128963e+00    0.00000000e+00    1.00000000e+00    0.00000000e+00
80       1.00000000e+04   -9.51128963e+00    0.00000000e+00    1.00000000e+00    0.00000000e+00
81       1.12201845e+04   -9.51128963e+00    0.00000000e+00    1.00000000e+00    0.00000000e+00
82       1.25892541e+04   -9.51128963e+00    0.00000000e+00    1.00000000e+00    0.00000000e+00
83       1.41253754e+04   -9.51128963e+00    0.00000000e+00    1.00000000e+00    0.00000000e+00
84       1.58489319e+04   -9.51128963e+00    0.00000000e+00    1.00000000e+00    0.00000000e+00
85       1.77827941e+04   -9.51128963e+00    0.00000000e+00    1.00000000e+00    0.00000000e+00
86       1.99526231e+04   -9.51128963e+00    0.00000000e+00    1.00000000e+00    0.00000000e+00
87       2.23872114e+04   -9.51128963e+00    0.00000000e+00    1.00000000e+00    0.00000000e+00
88       2.51188643e+04   -9.51128963e+00    0.00000000e+00    1.00000000e+00    0.00000000e+00
89       2.81838293e+04   -9.51128963e+00    0.00000000e+00    1.00000000e+00    0.00000000e+00
90       3.16227766e+04   -9.51128963e+00    0.00000000e+00    1.00000000e+00    0.00000000e+00
91       3.54813389e+04   -9.51128963e+00    0.00000000e+00    1.00000000e+00    0.00000000e+00
92       3.98107171e+04   -9.51128963e+00    0.00000000e+00    1.00000000e+00    0.00000000e+00
93       4.46683592e+04   -9.51128963e+00    0.00000000e+00    1.00000000e+00    0.00000000e+00
94       5.01187234e+04   -9.51128963e+00    0.00000000e+00    1.00000000e+00    0.00000000e+00
95       5.62341325e+04   -9.51128963e+00    0.00000000e+00    1.00000000e+00    0.00000000e+00
96       6.30957344e+04   -9.51128963e+00    0.00000000e+00    1.00000000e+00    0.00000000e+00
97       7.07945784e+04   -9.51128963e+00    0.00000000e+00    1.00000000e+00    0.00000000e+00
98       7.94328235e+04   -9.51128963e+00    0.00000000e+00    1.00000000e+00    0.00000000e+00
99       8.91250938e+04   -9.51128963e+00    0.00000000e+00    1.00000000e+00    0.00000000e+00
100      1.00000000e+05   -9.51128963e+00    0.00000000e+00    1.00000000e+00    0.00000000e+00
101      1.12201845e+05   -9.51128963e+00    0.00000000e+00    1.00000000e+00    0.00000000e+00
102      1.25892541e+05   -9.51128963e+00    0.00000000e+00    1.00000000e+00    0.00000000e+00
103      1.41253754e+05   -9.51128963e+00    0.00000000e+00    1.00000000e+00    0.00000000e+00
104      1.58489319e+05   -9.51128963e+00    0.00000000e+00    1.00000000e+00    0.00000000e+00
105      1.77827941e+05   -9.51128963e+00    0.00000000e+00    1.00000000e+00    0.00000000e+00
106      1.99526231e+05   -9.51128963e+00    0.00000000e+00    1.00000000e+00    0.00000000e+00
107      2.23872114e+05   -9.51128963e+00    0.00000000e+00    1.00000000e+00    0.00000000e+00
108      2.51188643e+05   -9.51128963e+00    0.00000000e+00    1.00000000e+00    0.00000000e+00
109      2.81838293e+05   -9.51128963e+00    0.00000000e+00    1.00000000e+00    0.00000000e+00
110      3.16227766e+05   -9.51128963e+00    0.00000000e+00    1.00000000e+00    0.00000000e+00
111      3.54813389e+05   -9.51128963e+00    0.00000000e+00    1.00000000e+00    0.00000000e+00
112      3.98107171e+05   -9.51128963e+00    0.00000000e+00    1.00000000e+00    0.00000000e+00
113      4.46683592e+05   -9.51128963e+00    0.00000000e+00    1.00000000e+00    0.00000000e+00
114      5.01187234e+05   -9.51128963e+00    0.00000000e+00    1.00000000e+00    0.00000000e+00
115      5.62341325e+05   -9.51128963e+00    0.00000000e+00    1.00000000e+00    0.00000000e+00
116      6.30957344e+05   -9.51128963e+00    0.00000000e+00    1.00000000e+00    0.00000000e+00
117      7.07945784e+05   -9.51128963e+00    0.00000000e+00    1.00000000e+00    0.00000000e+00
118      7.94328235e+05   -9.51128963e+00    0.00000000e+00    1.00000000e+00    0.00000000e+00
119      8.91250938e+05   -9.51128963e+00    0.00000000e+00    1.00000000e+00    0.00000000e+00
120      1.00000000e+06   -9.51128963e+00    0.00000000e+00    1.00000000e+00    0.00000000e+00
End of Xyce(TM) Simulation
